어디에단어가들어갈수있을까
10
5 3
0 0 1 1 1
1 1 1 1 0
0 0 1 0 0
0 1 1 1 1
1 1 1 0 1
5 3
1 0 0 1 0
1 1 0 1 1
1 0 1 1 1
0 1 1 0 1
0 1 1 1 0
8 3
1 1 0 1 0 1 1 1
0 1 0 1 0 0 0 1
1 1 1 0 0 1 0 1
0 1 0 1 0 1 1 1
0 0 0 1 0 1 0 1
1 1 1 1 1 1 0 0
0 1 0 0 0 1 0 1
1 1 1 0 1 1 1 1
8 4
0 1 1 1 0 1 1 1
1 0 0 1 0 1 0 0
1 0 0 1 1 1 0 1
1 1 1 0 0 1 1 1
0 0 1 0 0 1 0 1
1 1 1 1 1 0 0 0
0 1 0 0 1 0 0 0
1 1 1 0 1 1 1 0
10 3
0 1 0 0 0 1 0 0 0 1
0 1 0 1 0 1 0 1 1 1
1 1 1 1 1 1 1 1 0 1
0 1 0 0 1 0 0 1 0 0
0 1 1 1 1 0 1 1 1 0
0 0 0 1 0 1 0 0 1 0
0 1 1 1 0 1 1 1 1 1
0 1 0 0 0 1 0 0 0 1
1 1 1 0 0 0 0 1 1 1
0 0 1 1 1 0 0 1 0 0
10 4
0 0 1 0 0 0 1 0 0 1
0 0 1 1 0 0 1 1 1 1
1 1 1 1 1 1 1 1 0 1
0 0 1 0 1 0 0 1 0 0
0 1 1 1 1 1 0 1 1 1
0 0 0 1 0 0 1 0 1 0
0 1 1 1 0 1 1 1 0 1
0 0 1 0 0 0 1 0 0 1
1 1 1 0 0 0 0 1 1 1
0 1 0 1 1 0 1 1 1 0
12 3
0 1 0 1 0 1 0 1 0 1 0 1
1 1 0 1 1 1 0 1 1 1 0 1
0 1 1 1 0 1 1 1 0 1 1 1
0 0 1 0 0 0 1 0 0 0 1 0
0 1 1 1 0 1 1 1 0 1 1 1
1 1 0 1 1 1 0 1 1 1 0 1
0 1 1 1 0 1 1 1 0 1 1 1
0 0 1 0 0 0 1 0 0 0 1 0
0 1 1 1 0 1 1 1 0 1 1 1
1 1 0 1 1 1 0 1 1 1 0 1
0 1 1 1 0 1 1 1 0 1 1 1
0 0 1 0 0 0 1 0 0 0 1 0
12 4
0 1 1 1 0 1 1 1 0 1 1 1
1 1 0 1 1 1 0 1 1 1 0 1
1 1 1 1 1 1 1 1 1 1 1 1
1 0 1 0 1 0 1 0 1 0 1 0
0 1 1 1 0 1 1 1 0 1 1 1
1 1 0 1 1 1 0 1 1 1 0 1
1 1 1 1 1 1 1 1 1 1 1 1
1 0 1 0 1 0 1 0 1 0 1 0
0 1 1 1 0 1 1 1 0 1 1 1
1 1 0 1 1 1 0 1 1 1 0 1
1 1 1 1 1 1 1 1 1 1 1 1
1 0 1 0 1 0 1 0 1 0 1 0
15 3
1 1 1 0 1 1 1 0 1 1 1 0 1 1 1
0 1 1 1 0 1 1 1 0 1 1 1 0 1 1
1 0 1 1 1 0 1 1 1 0 1 1 1 0 1
1 1 0 1 1 1 0 1 1 1 0 1 1 1 0
1 1 1 0 1 1 1 0 1 1 1 0 1 1 1
0 1 1 1 0 1 1 1 0 1 1 1 0 1 1
1 0 1 1 1 0 1 1 1 0 1 1 1 0 1
1 1 0 1 1 1 0 1 1 1 0 1 1 1 0
1 1 1 0 1 1 1 0 1 1 1 0 1 1 1
0 1 1 1 0 1 1 1 0 1 1 1 0 1 1
1 0 1 1 1 0 1 1 1 0 1 1 1 0 1
1 1 0 1 1 1 0 1 1 1 0 1 1 1 0
1 1 1 0 1 1 1 0 1 1 1 0 1 1 1
0 1 1 1 0 1 1 1 0 1 1 1 0 1 1
1 0 1 1 1 0 1 1 1 0 1 1 1 0 1
15 2
1 1 1 0 1 1 1 0 1 1 1 0 1 1 1
0 1 0 1 0 1 0 1 0 1 0 1 0 1 0
1 0 1 1 1 0 1 1 1 0 1 1 1 0 1
0 1 0 1 0 1 0 1 0 1 0 1 0 1 0
1 1 1 0 1 1 1 0 1 1 1 0 1 1 1
0 1 0 1 0 1 0 1 0 1 0 1 0 1 0
1 0 1 1 1 0 1 1 1 0 1 1 1 0 1
0 1 0 1 0 1 0 1 0 1 0 1 0 1 0
1 1 1 0 1 1 1 0 1 1 1 0 1 1 1
0 1 0 1 0 1 0 1 0 1 0 1 0 1 0
1 0 1 1 1 0 1 1 1 0 1 1 1 0 1
0 1 0 1 0 1 0 1 0 1 0 1 0 1 0
1 1 1 0 1 1 1 0 1 1 1 0 1 1 1
0 1 0 1 0 1 0 1 0 1 0 1 0 1 0
1 0 1 1 1 0 1 1 1 0 1 1 1 0 1

---
삼성시의버스노선
1       //테스트 케이스 개수
2       //첫 번째 테스트 케이스, N=2
1 3     // A1 = 1, B1 = 3
2 5     // A2 = 2, B2 = 5
5       // P = 5
1       // 이하 C1 = 1, C2 = 2, C3 = 3, C4 = 4, C5 = 5
2
3
4
5


